0,1252,1989,2617,3353,4163,4765,5377,5705,6536,7036,7498,8206,8767,9659,10456,11067,11600,12249,13655,15929,14581,13073,12401,11630,11138,10530,9775,9035,8271,7687,7182,6717,6612,6766,7062,7343,7769,8291,8993,9702,10444,11115,10101,9509,9278,9157,8670,8335,8208,8281,8572,8837,9152,9582,10108,11055,12080,12917,13878,14225,14840,5329,5293,5168,5528,5883,6421,6859,7499,8374,12330,11169,10049,8075,6899,5260,4649,3505,2620,1951,16691,15738,14614,13562,12553,12054,10374,8773,15386,14229,13773,13008,12674,12670,12581,12310,12578,13009,13778,7663,7544,7538,7608,5864,4837,5263,5782,6133,6989,7965,6916,6890,7290,7869,1503,2253,3428,4460,7679,10244,11326,1327,2338,3859,5129,7465,9006,10172,11834,13744,13964,13217,12351,11640,9948,8716,8061,6507,5157,4648,3937,3607,4045,6248,6994,9112,15718,14478,13893,13232,12544,12272,11010,10784,10793,10411,9679,8468,10379,10450,11581,12216,
1252,0,977,1660,2456,3293,3944,4471,4706,5519,6008,6472,7166,7703,8570,9347,9950,10440,11047,12446,15009,13672,12208,11539,10753,10242,9609,8849,8103,7347,6765,6278,5804,5475,5574,5827,6095,6517,7049,7774,8508,9274,9981,10025,9295,8923,8650,7974,7503,7235,7167,7416,7640,7915,8331,8856,9807,10840,11685,12653,13026,13676,4093,4106,4123,4836,5382,6089,6643,7435,8438,12003,10795,9624,7591,6494,4989,4587,3641,2521,1488,16082,15086,13980,12989,12035,11593,10083,8620,14710,13499,12976,12033,11626,11571,11416,11078,11335,11758,12528,6858,6569,6450,6448,4645,3586,4052,4666,5072,5974,7054,6147,6253,6843,7599,501,1001,2196,3242,6479,9049,10135,1586,2842,4455,5762,8113,9646,10840,12584,14498,14834,14088,13219,12507,10811,9575,8917,7355,5964,5314,4354,3430,3514,5544,6232,8262,15761,14474,13808,13048,12236,11907,10553,10198,10099,9614,8808,7380,9165,9206,10331,10964,
1989,977,0,684,1479,2316,2967,3499,3758,4581,5075,5539,6242,6792,7677,8469,9079,9612,10283,11695,14047,12707,11236,10566,9782,9274,8645,7885,7140,6382,5799,5308,4835,4623,4800,5161,5505,6024,6648,7469,8275,9092,9869,9252,8461,8035,7714,7002,6526,6282,6292,6585,6870,7248,7757,8344,9345,10425,11302,12300,12751,13485,3451,3328,3196,3871,4464,5229,5830,6689,7753,11114,9893,8708,6665,5601,4174,3900,3136,1964,895,15116,14115,13012,12031,11090,10663,9213,7818,13736,12522,11999,11085,10708,10685,10594,10386,10688,11170,12037,5881,5616,5554,5623,3935,3158,3849,4671,5163,6110,7301,6557,6772,7485,8332,1322,920,1599,2547,5717,8274,9351,2563,3819,5433,6740,9091,10623,11817,13560,15474,14724,13981,13115,12406,10716,9488,8834,7287,5886,5131,4011,2727,2616,4575,5256,7287,16601,15297,14598,13794,12919,12558,11154,10710,10524,9950,9076,7379,8865,8777,9831,10423,
2617,1660,684,0,796,1633,2287,2816,3093,3921,4419,4882,5589,6149,7045,7847,8462,9026,9743,11161,13368,12027,10553,9882,9099,8592,7965,7206,6461,5702,5118,4625,4153,4036,4277,4724,5124,5713,6399,7283,8135,8982,9805,8766,7924,7448,7081,6330,5842,5610,5678,6005,6335,6790,7368,7998,9029,10140,11037,12052,12557,13349,3069,2823,2551,3212,3861,4681,5323,6239,7348,10522,9291,8095,6044,5017,3684,3541,2972,1846,1013,14450,13443,12344,11374,10445,10033,8642,7311,13062,11842,11315,10414,10057,10056,10010,9898,10232,10756,11690,5198,4944,4926,5050,3480,2972,3807,4752,5290,6251,7504,6875,7158,7944,8846,1972,1342,1408,2153,5195,7729,8797,3247,4503,6116,7423,9773,11305,12500,14245,16158,14730,13991,13129,12425,10747,9531,8884,7362,5972,5156,3945,2394,2057,3909,4578,6602,17175,15861,15139,14305,13388,13006,11572,11070,10826,10195,9280,7411,8671,8490,9485,10045,
3353,2456,1479,796,0,837,1491,2034,2363,3199,3701,4161,4874,5449,6363,7180,7800,8410,9193,10616,12592,11248,9765,9094,8313,7810,7190,6432,5689,4927,4343,3844,3375,3453,3797,4366,4840,5512,6270,7221,8119,8996,9867,8178,7279,6746,6328,5538,5048,4855,5031,5412,5812,6376,7045,7726,8790,9932,10850,11883,12453,13311,2851,2424,1882,2436,3155,4042,4731,5709,6867,9809,8567,7362,5305,4329,3139,3182,2897,1943,1525,13662,12651,11553,10593,9677,9280,7954,6705,12267,11046,10520,9656,9336,9371,9396,9423,9799,10377,11397,4402,4191,4258,4479,3131,3024,3987,5037,5614,6575,7879,7369,7716,8567,9516,2762,2053,1648,1991,4703,7182,8231,4042,5299,6912,8219,10570,12101,13296,15038,16952,14698,13966,13112,12415,10759,9564,8931,7449,6091,5220,3939,2143,1476,3123,3782,5811,17891,16568,15825,14964,14007,13606,12144,11586,11285,10597,9643,7603,8587,8290,9205,9719,
4163,3293,2316,1633,837,0,664,1215,1631,2461,2962,3411,4127,4718,5648,6478,7103,7763,8618,10041,11768,10423,8932,8260,7481,6982,6368,5612,4872,4108,3524,3020,2554,2906,3376,4076,4621,5370,6190,7200,8137,9037,9951,7641,6671,6062,5570,4715,4211,4058,4368,4813,5292,5977,6740,7470,8561,9729,10664,11710,12346,13271,2802,2194,1294,1665,2508,3482,4225,5270,6474,9102,7849,6631,4576,3688,2752,3044,3096,2391,2269,12844,11825,10732,9787,8891,8517,7287,6154,11438,10211,9682,8850,8569,8644,8747,8930,9351,9986,11093,3565,3400,3580,3922,2906,3246,4283,5403,6006,6954,8294,7906,8311,9220,10214,3590,2836,2169,2103,4239,6620,7641,4880,6136,7749,9056,11406,12938,14133,15876,17789,14762,14040,13197,12512,10886,9721,9105,7680,6370,5462,4151,2231,1229,2321,2952,4976,18628,17295,16531,15642,14646,14225,12738,12124,11766,11023,10036,7839,8527,8109,8927,9388,
4765,3944,2967,2287,1491,664,0,717,1300,2058,2540,2962,3671,4277,5220,6062,6688,7403,8331,9748,11168,9818,8310,7637,6865,6374,5775,5025,4293,3528,2948,2434,1986,2740,3320,4117,4710,5507,6364,7407,8365,9277,10217,7134,6118,5461,4925,4051,3576,3523,4022,4534,5091,5885,6724,7490,8594,9776,10721,11774,12461,13435,3083,2381,1251,1033,1971,2995,3769,4855,6081,8480,7222,5999,3950,3132,2445,2936,3252,2761,2835,12179,11162,10068,9124,8232,7867,6692,5645,10777,9555,9040,8284,8060,8187,8381,8723,9185,9870,11050,2918,2882,3228,3708,3049,3680,4736,5883,6495,7429,8785,8465,8899,9835,10846,4251,3499,2772,2527,4116,6360,7345,5530,6786,8399,9706,12057,13590,14784,16518,18432,14686,13975,13142,12468,10873,9736,9138,7768,6510,5585,4278,2362,1260,1661,2291,4349,19273,17937,17164,16263,15249,14818,13319,12677,12287,11512,10507,8221,8695,8184,8917,9329,
5377,4471,3499,2816,2034,1215,717,0,637,1341,1822,2247,2959,3563,4505,5346,5972,6686,7624,9039,10558,9214,7737,7067,6283,5776,5156,4399,3657,2894,2310,1810,1341,2113,2754,3609,4231,5059,5940,7006,7979,8897,9861,7279,6189,5426,4750,3683,3046,2846,3309,3835,4418,5264,6145,6932,8042,9231,10179,11236,11960,12973,2841,2083,894,1151,2194,3245,4040,5158,6399,8365,7097,5865,3865,3252,2926,3542,3953,3475,3480,11789,10745,9672,8786,7953,7646,6662,5801,10343,9084,8517,7635,7370,7478,7664,8040,8517,9224,10442,2435,2193,2515,3038,2665,3599,4654,5822,6441,7346,8717,8515,9006,10001,11062,4730,3908,2996,2490,3491,5663,6636,6053,7307,8918,10224,12569,14095,15294,17054,18967,15255,14551,13727,13060,11484,10365,9777,8433,7196,6268,4967,3064,1962,1500,1909,3793,19526,18177,17374,16436,15374,14921,13399,12699,12253,11430,10401,8006,8251,7665,8334,8715,
5705,4706,3758,3093,2363,1631,1300,637,0,837,1339,1797,2511,3092,4018,4847,5471,6142,7038,8457,10311,8980,7557,6894,6098,5571,4920,4160,3414,2673,2106,1672,1215,1475,2129,3003,3635,4474,5364,6438,7417,8337,9312,7758,6629,5803,5030,3807,2994,2529,2749,3236,3794,4627,5512,6302,7412,8602,9552,10609,11344,12371,2427,1661,646,1734,2764,3806,4601,5724,6966,8661,7392,6165,4229,3754,3555,4178,4552,3997,3874,11820,10749,9702,8881,8111,7858,7033,6293,10329,9032,8403,7327,6973,7019,7125,7423,7891,8590,9805,2476,1863,1956,2411,2146,3290,4323,5491,6111,6987,8360,8254,8790,9832,10934,4908,4030,2977,2270,2853,5061,6054,6264,7507,9106,10407,12739,14253,15457,17246,19156,15891,15188,14364,13697,12121,11000,10410,9058,7810,6884,5578,3662,2560,1921,2107,3682,19414,18056,17226,16257,15155,14684,13145,12400,11911,11055,10011,7547,7660,7045,7699,8077,
6536,5519,4581,3921,3199,2461,2058,1341,837,0,502,962,1674,2257,3187,4021,4647,5345,6291,7703,9525,8204,6817,6162,5362,4823,4158,3402,2663,1961,1442,1144,840,1147,1889,2815,3465,4323,5227,6314,7299,8216,9215,7816,6627,5709,4807,3417,2436,1743,1969,2524,3166,4123,5088,5909,7016,8209,9160,10216,11011,12095,2756,2052,1400,2185,3114,4097,4874,5994,7226,8413,7156,5949,4152,3925,4066,4792,5287,4803,4711,11242,10148,9132,8382,7688,7505,6911,6392,9713,8387,7709,6517,6138,6184,6324,6747,7253,8000,9289,2065,1093,1178,1825,2298,3725,4696,5843,6454,7278,8646,8670,9256,10344,11483,5699,4802,3687,2849,2389,4348,5302,7063,8299,9891,11187,13509,15016,16222,18025,19933,16405,15712,14901,14246,12702,11608,11034,9725,8514,7584,6290,4401,3300,2090,1941,3039,19966,18598,17742,16741,15596,15104,13548,12747,12201,11296,10234,7666,7447,6713,7243,7557,
7036,6008,5075,4419,3701,2962,2540,1822,1339,502,0,464,1172,1755,2689,3526,4152,4869,5850,7255,9061,7747,6390,5742,4940,4395,3720,2973,2248,1600,1166,1053,965,1204,1904,2808,3449,4300,5199,6282,7264,8175,9184,7902,6686,5720,4750,3274,2197,1309,1525,2133,2835,3868,4877,5710,6808,7996,8945,9998,10828,11945,3042,2394,1884,2556,3414,4349,5106,6214,7431,8311,7067,5883,4195,4116,4428,5196,5746,5294,5213,10918,9812,8817,8117,7477,7339,6896,6512,9367,8024,7312,6037,5638,5682,5844,6353,6884,7661,8994,1962,717,768,1576,2514,4041,4967,6092,6694,7484,8842,8940,9552,10665,11823,6177,5272,4132,3245,2208,3937,4859,7544,8775,10362,11656,13972,15474,16681,18491,20398,16733,16047,15244,14596,13070,11992,11427,10143,8952,8021,6736,4863,3767,2341,2019,2711,20299,18928,18057,17037,15868,15365,13801,12969,12390,11459,10389,7771,7353,6548,6994,7265,
7498,6472,5539,4882,4161,3411,2962,2247,1797,962,464,0,716,1315,2258,3102,3727,4481,5510,6903,8606,7297,5959,5317,4516,3967,3287,2549,1842,1268,974,1083,1192,1494,2115,2971,3589,4423,5309,6382,7356,8258,9273,7916,6679,5675,4649,3114,1972,903,1234,1904,2665,3770,4814,5653,6736,7916,8859,9906,10770,11918,3412,2802,2349,2877,3658,4538,5270,6359,7558,8150,6923,5765,4194,4251,4719,5526,6133,5722,5669,10562,9446,8470,7814,7221,7125,6819,6563,8995,7639,6903,5576,5176,5235,5447,6075,6635,7445,8824,1885,482,642,1561,2848,4422,5315,6420,7014,7777,9124,9277,9908,11036,12206,6639,5732,4583,3676,2230,3650,4521,8007,9237,10822,12115,14428,15928,17135,18949,20855,16968,16289,15495,14854,13349,12289,11734,10478,9311,8381,7106,5256,4169,2564,2105,2384,20676,19302,18420,17388,16202,15690,14121,13266,12661,11711,10636,7982,7390,6521,6880,7102,
8206,7166,6242,5589,4874,4127,3671,2959,2511,1674,1172,716,0,612,1559,2406,3029,3820,4909,6279,7969,6677,5401,4779,3986,3431,2741,2051,1442,1166,1224,1569,1819,1970,2445,3185,3749,4535,5386,6431,7384,8265,9285,8156,6899,5850,4754,3166,1985,697,888,1573,2380,3556,4631,5468,6517,7674,8604,9638,10549,11740,3923,3383,3046,3520,4222,5033,5729,6787,7955,8120,6930,5826,4455,4687,5321,6162,6816,6433,6384,10164,9032,8099,7532,7033,7011,6934,6865,8567,7189,6399,4913,4467,4520,4774,5555,6153,7005,8445,2143,900,874,1635,3316,4940,5769,6833,7410,8122,9446,9693,10355,11509,12701,7320,6405,5233,4287,2279,3142,3928,8691,9914,11492,12780,15084,16577,17784,19609,21512,17481,16812,16028,15398,13918,12879,12336,11110,9967,9038,7774,5945,4865,3128,2548,2153,21150,19772,18871,17816,16598,16072,14497,13602,12955,11974,10894,8194,7332,6371,6594,6744,
8767,7703,6792,6149,5449,4718,4277,3563,3092,2257,1755,1315,612,0,947,1793,2417,3215,4333,5689,7545,6283,5100,4509,3738,3187,2507,1920,1503,1534,1756,2153,2428,2365,2704,3318,3819,4545,5352,6360,7288,8146,9163,8550,7286,6212,5080,3487,2335,1117,825,1344,2119,3309,4388,5211,6220,7352,8268,9287,10233,11455,4287,3816,3598,4128,4807,5587,6262,7300,8448,8316,7162,6108,4887,5214,5917,6766,7428,7038,6966,10016,8871,7987,7511,7102,7145,7247,7305,8393,7000,6153,4462,3923,3926,4164,5032,5653,6533,8014,2622,1499,1276,1768,3654,5297,6060,7079,7636,8298,9595,9927,10616,11793,13004,7837,6913,5718,4738,2325,2648,3361,9211,10423,11989,13270,15560,17043,18251,20088,21987,18028,17365,16587,15961,14494,13465,12927,11712,10576,9647,8385,6557,5476,3716,3098,2303,21424,20041,19122,18046,16800,16261,14681,13751,13068,12061,10979,8251,7164,6134,6244,6335,
9659,8570,7677,7045,6363,5648,5220,4505,4018,3187,2689,2258,1559,947,0,847,1470,2299,3487,4802,6915,5716,4714,4195,3493,2982,2381,2052,1974,2297,2636,3072,3370,3137,3322,3752,4144,4758,5476,6406,7279,8090,9094,9178,7911,6815,5649,4089,3021,1962,1433,1534,2077,3172,4204,4977,5898,6970,7850,8837,9836,11103,4973,4589,4495,5067,5713,6449,7094,8101,9216,8658,7569,6601,5598,6043,6835,7698,8374,7980,7884,9819,8662,7864,7536,7270,7409,7770,8004,8169,6767,5841,3820,3108,3011,3229,4295,4960,5885,7429,3430,2434,2122,2331,4325,5959,6629,7574,8099,8686,9933,10386,11109,12313,13547,8680,7748,6531,5518,2718,2051,2549,10053,11249,12798,14068,16338,17807,19014,20867,22759,18866,18210,17442,16825,15378,14364,13834,12638,11514,10585,9328,7504,6423,4630,3973,2765,21908,20523,19578,18472,17188,16631,15049,14070,13335,12294,11215,8464,7042,5915,5826,5808,
10456,9347,8469,7847,7180,6478,6062,5346,4847,4021,3526,3102,2406,1793,847,0,625,1498,2766,4017,6445,5330,4544,4116,3516,3077,2606,2514,2640,3079,3460,3909,4216,3881,3967,4259,4557,5063,5688,6532,7343,8101,9084,9804,8542,7436,6257,4743,3747,2782,2179,2068,2354,3253,4184,4884,5697,6692,7528,8474,9517,10818,5632,5314,5304,5912,6540,7248,7873,8856,9946,9066,8037,7144,6303,6823,7668,8539,9222,8820,8704,9749,8591,7883,7690,7549,7765,8325,8687,8090,6698,5714,3400,2483,2228,2394,3694,4395,5355,6946,4214,3278,2923,2985,4982,6591,7182,8061,8555,9074,10271,10823,11572,12793,14044,9437,8501,7271,6240,3246,1762,1907,10807,11989,13522,14781,17030,18485,19691,21557,23442,19637,18988,18227,17616,16184,15182,14657,13474,12357,11429,10174,8351,7269,5463,4787,3376,22340,20953,19988,18857,17542,16970,15390,14372,13594,12528,11458,8708,7007,5811,5532,5405,
11067,9950,9079,8462,7800,7103,6688,5972,5471,4647,4152,3727,3029,2417,1470,625,0,1008,2344,3495,6087,5050,4446,4097,3592,3223,2863,2918,3154,3651,4059,4518,4834,4477,4521,4743,4986,5423,5982,6760,7521,8236,9197,10240,8984,7875,6693,5221,4280,3380,2786,2608,2767,3513,4348,4979,5697,6621,7414,8320,9393,10716,6184,5898,5923,6528,7137,7821,8429,9392,10460,9343,8364,7529,6808,7381,8271,9148,9843,9446,9325,9673,8521,7883,7792,7742,8012,8713,9169,8017,6644,5628,3132,2063,1652,1809,3382,4105,5084,6702,4782,3895,3542,3553,5536,7125,7671,8509,8982,9458,10618,11232,11995,13226,14484,10031,9094,7858,6821,3754,1862,1629,11399,12573,14096,15349,17586,19032,20237,22110,23991,20178,19535,18781,18176,16759,15766,15248,14077,12970,12043,10792,8974,7894,6067,5375,3843,22731,21345,20366,19221,17886,17305,15729,14687,13881,12801,11739,9000,7118,5884,5462,5246,
11600,10440,9612,9026,8410,7763,7403,6686,6142,5345,4869,4481,3820,3215,2299,1498,1008,0,1341,2519,6438,5553,5191,4923,4497,4173,3856,3925,4129,4574,4935,5365,5639,4991,4892,4928,5043,5329,5754,6405,7076,7720,8641,11247,9989,8881,7699,6215,5243,4261,3394,3027,2909,3319,3953,4458,5031,5855,6595,7458,8554,9894,6516,6339,6529,7340,8011,8741,9371,10354,11438,10327,9363,8537,7791,8321,9130,9982,10612,10139,9932,10391,9253,8688,8681,8689,8985,9721,10163,8748,7406,6368,3716,2484,1707,986,2428,3159,4143,5771,5710,4715,4186,3993,5885,7392,7815,8545,8969,9350,10431,11163,11953,13198,14469,10477,9540,8293,7239,4032,1619,828,11831,12968,14450,15677,17869,19285,20482,22375,24241,21135,20486,19724,19112,17674,16663,16133,14928,13786,12856,11586,9732,8637,6926,6271,4840,22593,21209,20206,19033,17664,17068,15503,14419,13568,12467,11426,8725,6579,5311,4712,4402,
12249,11047,10283,9743,9193,8618,8331,7624,7038,6291,5850,5510,4909,4333,3487,2766,2344,1341,0,1423,7248,6532,6382,6176,5802,5500,5197,5249,5404,5784,6087,6477,6698,5741,5484,5295,5244,5316,5535,5979,6501,7025,7875,12564,11303,10196,9016,7510,6496,5429,4326,3805,3413,3345,3612,3882,4190,4831,5479,6272,7392,8747,6996,6957,7342,8387,9132,9917,10578,11588,12697,11665,10704,9871,9064,9527,10223,11036,11577,11009,10695,11519,10398,9901,9960,10009,10319,11055,11453,9895,8589,7541,4819,3545,2624,1165,1182,1899,2874,4503,6915,5809,5112,4714,6406,7767,8020,8593,8943,9191,10147,11029,11844,13095,14373,11027,10101,8858,7805,4570,2014,990,12348,13427,14845,16029,18148,19518,20703,22616,24454,22350,21691,20917,20294,18826,17787,17240,15987,14801,13871,12581,10688,9586,8037,7431,6141,22295,20918,19886,18682,17274,16660,15118,13986,13082,11963,10958,8350,5880,4606,3748,3290,
13655,12446,11695,11161,10616,10041,9748,9039,8457,7703,7255,6903,6279,5689,4802,4017,3495,2519,1423,0,7210,6744,6931,6852,6619,6410,6223,6395,6644,7090,7432,7843,8084,7164,6895,6662,6559,6537,6635,6916,7288,7675,8419,13708,12458,11349,10168,8715,7762,6763,5735,5228,4826,4646,4715,4789,4796,5128,5566,6167,7311,8668,8379,8367,8766,9779,10497,11251,11889,12873,13953,12583,11702,10953,10303,10838,11601,12429,12991,12432,12116,11859,10782,10423,10642,10826,11209,12135,12662,10291,9071,8026,5291,4062,3121,1770,1690,2054,2774,4239,8226,7180,6525,6137,7801,9116,9304,9796,10101,10262,11118,12100,12926,14173,15449,12414,11493,10254,9204,5978,3435,2403,13724,14783,16176,17342,19425,20770,21947,23868,25690,23654,23005,22241,21626,20178,19154,18615,17381,16207,15276,13990,12103,11001,9405,8773,7337,23190,21823,20771,19544,18107,17480,15967,14800,13852,12725,11766,9273,6562,5342,4223,3556,
15929,15009,14047,13368,12592,11768,11168,10558,10311,9525,9061,8606,7969,7545,6915,6445,6087,6438,7248,7210,0,1356,2963,3613,4329,4794,5402,6161,6906,7666,8250,8748,9217,9906,10213,10659,10997,11498,12068,12810,13512,14153,15059,10762,9834,8963,8111,7633,7634,7785,8291,8434,8799,9596,10366,10896,11401,12075,12669,13356,14498,15859,11831,11346,10922,10520,10569,10690,10908,11399,11980,8274,8079,8119,8956,10101,11645,12607,13672,13732,14002,5103,4268,4516,5446,6314,7024,8997,10465,3892,3366,2847,3096,4029,4736,6084,8386,9033,9917,11446,8326,8449,8804,9231,11192,12836,13543,14480,14989,15519,16702,17265,18006,19219,20459,15218,14327,13190,12256,9627,7908,7255,16574,17818,19414,20712,23033,24535,25742,27550,29458,21367,20861,20267,19804,18749,18051,17696,16945,16204,15368,14361,12956,12077,9828,9031,6848,28784,27397,26432,25298,23971,23392,21815,20773,19958,18869,17814,15083,13010,11736,10995,10514,
14581,13672,12707,12027,11248,10423,9818,9214,8980,8204,7747,7297,6677,6283,5716,5330,5050,5553,6532,6744,1356,0,1630,2265,2973,3443,4063,4823,5570,6325,6908,7404,7874,8631,8974,9468,9843,10391,11011,11810,12562,13250,14187,9648,8658,7740,6835,6290,6279,6461,7053,7248,7676,8553,9392,9982,10581,11347,12010,12771,13903,15263,10569,10060,9597,9164,9218,9359,9600,10131,10765,7354,7011,6929,7645,8772,10300,11263,12321,12376,12651,5131,4099,3992,4669,5372,6033,7874,9251,3632,2662,1829,1930,3070,3918,5376,7707,8395,9329,10914,6970,7121,7526,8002,9937,11580,12321,13289,13815,14383,15598,16100,16825,18026,19256,13889,13004,11880,10962,8434,6908,6381,15241,16487,18087,19387,21713,23220,24426,26226,28135,20267,19741,19124,18641,17541,16809,16437,15650,14882,14039,13018,11601,10721,8472,7674,5493,27623,26238,25288,24171,22867,22299,20718,19703,18918,17844,16778,14032,12116,10857,10230,9822,
13073,12208,11236,10553,9765,8932,8310,7737,7557,6817,6390,5959,5401,5100,4714,4544,4446,5191,6382,6931,2963,1630,0,672,1459,1994,2672,3417,4153,4883,5456,5931,6406,7372,7799,8395,8840,9473,10175,11063,11887,12643,13620,8166,7121,6164,5222,4671,4740,5082,5912,6228,6777,7786,8728,9406,10142,11035,11786,12637,13742,15085,9325,8758,8189,7606,7613,7731,7970,8518,9188,6123,5604,5388,6015,7143,8683,9645,10716,10810,11131,5226,4076,3520,3756,4176,4745,6395,7678,3571,2214,1182,1646,2880,3832,5313,7557,8281,9256,10882,5421,5724,6273,6865,8715,10342,11152,12179,12733,13370,14638,15025,15717,16890,18094,12450,11586,10504,9634,7373,6270,5989,13788,15040,16648,17952,20291,21808,23012,24788,26700,18771,18228,17592,17094,15959,15207,14826,14022,13252,12410,11397,10013,9161,6904,6115,3961,26524,25142,24222,23138,21877,21328,19746,18781,18049,17006,15928,13176,11541,10322,9883,9592,
12401,11539,10566,9882,9094,8260,7637,7067,6894,6162,5742,5317,4779,4509,4195,4116,4097,4923,6176,6852,3613,2265,672,0,801,1351,2038,2769,3499,4220,4791,5263,5738,6746,7195,7821,8286,8944,9671,10586,11433,12210,13198,7749,6657,5661,4667,4025,4068,4432,5329,5684,6271,7320,8293,9000,9782,10718,11499,12380,13470,14802,8699,8119,7528,6936,6956,7101,7367,7955,8674,5910,5270,4931,5411,6516,8035,8998,10059,10141,10459,5640,4482,3785,3798,4029,4517,5990,7172,3984,2585,1650,1722,2802,3731,5165,7333,8063,9045,10676,4750,5068,5653,6278,8095,9716,10543,11584,12145,12801,14083,14436,15118,16283,17480,11783,10922,9847,8988,6807,5870,5691,13119,14371,15980,17285,19624,21143,22346,24119,26032,18320,17763,17112,16600,15432,14654,14260,13425,12630,11780,10753,9349,8491,6235,5444,3289,25922,24541,23629,22555,21307,20764,19182,18233,17519,16485,15406,12657,11123,9925,9559,9316,
11630,10753,9782,9099,8313,7481,6865,6283,6098,5362,4940,4516,3986,3738,3493,3516,3592,4497,5802,6619,4329,2973,1459,801,0,555,1245,1968,2698,3424,3997,4475,4949,5950,6411,7056,7536,8214,8962,9899,10766,11562,12559,7509,6355,5307,4233,3386,3309,3631,4562,4948,5569,6652,7652,8385,9213,10190,11001,11913,12983,14302,7902,7319,6730,6191,6267,6484,6809,7474,8273,5975,5185,4666,4866,5910,7369,8333,9364,9403,9693,6327,5172,4383,4199,4218,4593,5790,6796,4683,3282,2417,1921,2691,3541,4877,6926,7656,8641,10268,3998,4268,4860,5505,7302,8919,9754,10803,11368,12036,13328,13658,14333,15494,16688,10992,10127,9047,8186,6050,5279,5218,12331,13583,15190,16494,18832,20349,21553,23330,25242,17995,17419,16744,16212,14991,14172,13754,12862,12018,11153,10091,8633,7748,5499,4701,2524,25134,23755,22847,21779,20539,19999,18419,17481,16780,15755,14675,11930,10491,9317,9029,8838,
11138,10242,9274,8592,7810,6982,6374,5776,5571,4823,4395,3967,3431,3187,2982,3077,3223,4173,5500,6410,4794,3443,1994,1351,555,0,689,1422,2161,2899,3478,3966,4438,5396,5856,6505,6991,7678,8435,9384,10261,11067,12068,7493,6301,5223,4099,3074,2850,3087,4011,4412,5050,6151,7166,7913,8768,9769,10598,11528,12584,13892,7349,6769,6199,5738,5876,6163,6539,7268,8130,6181,5301,4661,4624,5601,6997,7960,8958,8952,9208,6857,5704,4882,4613,4520,4822,5818,6682,5220,3821,2972,2137,2649,3408,4646,6595,7322,8304,9925,3544,3730,4305,4953,6747,8365,9198,10248,10813,11485,12780,13103,13778,14939,16133,10473,9601,8511,7641,5503,4832,4852,11817,13067,14672,15975,18309,19824,21028,22812,24724,17888,17297,16605,16058,14798,13946,13511,12572,11687,10809,9716,8206,7294,5059,4256,2065,24578,23199,22292,21225,19986,19448,17868,16934,16238,15218,14136,11394,10007,8848,8609,8453,
10530,9609,8645,7965,7190,6368,5775,5156,4920,4158,3720,3287,2741,2507,2381,2606,2863,3856,5197,6223,5402,4063,2672,2038,1245,689,0,760,1507,2263,2847,3348,3815,4707,5167,5825,6320,7021,7792,8758,9648,10468,11474,7518,6288,5187,4021,2781,2330,2416,3333,3759,4425,5551,6585,7352,8243,9276,10127,11079,12116,13409,6660,6086,5543,5195,5420,5802,6246,7052,7989,6482,5508,4732,4391,5263,6560,7517,8468,8401,8611,7516,6367,5513,5156,4946,5164,5912,6588,5887,4493,3661,2563,2769,3379,4454,6240,6958,7931,9537,3019,3068,3615,4270,6057,7677,8509,9559,10127,10804,12103,12416,13089,14249,15443,9828,8949,7844,6963,4829,4322,4464,11179,12425,14027,15328,17658,19170,20375,22167,24077,17765,17157,16445,15879,14572,13680,13222,12225,11288,10396,9265,7690,6744,4538,3734,1574,23889,22510,21603,20538,19302,18766,17187,16259,15570,14555,13474,10736,9423,8289,8120,8012,
9775,8849,7885,7206,6432,5612,5025,4399,4160,3402,2973,2549,2051,1920,2052,2514,2918,3925,5249,6395,6161,4823,3417,2769,1968,1422,760,0,746,1505,2089,2593,3058,3996,4495,5201,5728,6465,7270,8268,9184,10029,11043,7322,6066,4957,3776,2350,1664,1664,2734,3242,3970,5137,6199,6996,7943,9022,9902,10884,11888,13154,5944,5351,4784,4477,4768,5232,5735,6610,7615,6609,5540,4631,3968,4720,5918,6865,7779,7672,7860,8124,6986,6076,5596,5242,5358,5812,6277,6518,5138,4361,3276,3306,3773,4652,6208,6906,7859,9434,2332,2310,2921,3639,5353,6959,7815,8884,9461,10164,11479,11744,12404,13552,14737,9067,8189,7090,6219,4234,4094,4421,10418,11664,13266,14568,16899,18411,19616,21406,23317,17379,16755,16024,15442,14091,13165,12688,11641,10663,9761,8604,6984,6017,3840,3041,995,23194,21817,20920,19867,18648,18119,16542,15636,14971,13972,12891,10168,9017,7931,7878,7844,
9035,8103,7140,6461,5689,4872,4293,3657,3414,2663,2248,1842,1442,1503,1974,2640,3154,4129,5404,6644,6906,5570,4153,3499,2698,2161,1507,746,0,764,1348,1858,2317,3319,3866,4627,5188,5963,6800,7829,8769,9636,10654,7204,5937,4840,3676,2117,1134,941,2242,2841,3622,4812,5890,6711,7709,8828,9733,10741,11707,12942,5253,4638,4039,3789,4165,4726,5294,6238,7309,6815,5673,4652,3663,4254,5319,6251,7117,6964,7125,8744,7619,6667,6090,5620,5643,5811,6050,7162,5800,5065,3993,3905,4257,4953,6266,6934,7858,9390,1720,1570,2280,3076,4679,6265,7146,8236,8821,9552,10882,11096,11739,12875,14048,8321,7443,6350,5492,3709,3999,4503,9671,10918,12520,13822,16153,17666,18870,20660,22571,17025,16386,15637,15038,13646,12685,12188,11091,10069,9158,7972,6305,5314,3183,2402,812,22516,21141,20254,19214,18012,17493,15919,15036,14396,13417,12336,9635,8664,7636,7706,7747,
8271,7347,6382,5702,4927,4108,3528,2894,2673,1961,1600,1268,1166,1534,2297,3079,3651,4574,5784,7090,7666,6325,4883,4220,3424,2899,2263,1505,764,0,584,1093,1553,2757,3380,4214,4815,5630,6500,7558,8521,9409,10428,7023,5761,4698,3590,1999,821,470,2055,2735,3542,4722,5798,6634,7679,8831,9757,10786,11709,12905,4642,3986,3308,3054,3513,4170,4799,5805,6933,6970,5770,4659,3354,3748,4662,5574,6396,6210,6360,9318,8212,7219,6545,5964,5894,5769,5771,7769,6432,5749,4756,4620,4902,5460,6547,7180,8066,9546,1136,885,1833,2723,4101,5640,6563,7679,8276,9045,10393,10532,11151,12264,13420,7573,6703,5632,4809,3389,4180,4836,8919,10167,11772,13075,15410,16926,18130,19912,21824,16569,15916,15150,14538,13108,12115,11601,10460,9401,8483,7275,5571,4565,2483,1738,1117,21898,20527,19657,18635,17459,16951,15384,14534,13929,12976,11899,9234,8491,7538,7741,7860,
7687,6765,5799,5118,4343,3524,2948,2310,2106,1442,1166,974,1224,1756,2636,3460,4059,4935,6087,7432,8250,6908,5456,4791,3997,3478,2847,2089,1348,584,0,517,969,2368,3048,3929,4555,5393,6282,7357,8331,9233,10248,6982,5736,4715,3675,2142,1032,678,2055,2752,3548,4692,5751,6592,7663,8835,9773,10814,11700,12864,4179,3492,2746,2524,3079,3830,4511,5563,6731,7182,5951,4790,3264,3466,4211,5098,5871,5646,5778,9800,8706,7690,6960,6311,6181,5848,5661,8272,6953,6299,5335,5161,5395,5855,6773,7377,8229,9661,939,494,1613,2533,3674,5162,6114,7248,7853,8649,10008,10089,10688,11784,12925,6995,6131,5076,4284,3203,4365,5117,8338,9588,11194,12497,14834,16352,17555,19334,21246,16273,15609,14831,14206,12746,11727,11198,10018,8926,8002,6775,5032,4008,2008,1343,1598,21408,20040,19181,18174,17018,16519,14958,14133,13556,12624,11552,8923,8360,7472,7776,7953,
7182,6278,5308,4625,3844,3020,2434,1810,1672,1144,1053,1083,1569,2153,3072,3909,4518,5365,6477,7843,8748,7404,5931,5263,4475,3966,3348,2593,1858,1093,517,0,474,2218,2942,3855,4498,5351,6251,7335,8317,9228,10237,6864,5640,4668,3705,2274,1327,1157,2297,2981,3748,4846,5880,6718,7808,8990,9935,10984,11838,12972,3895,3173,2319,2025,2654,3479,4197,5279,6476,7288,6037,4842,3149,3171,3764,4630,5369,5129,5267,10159,9081,8043,7258,6546,6361,5844,5492,8658,7359,6742,5849,5675,5891,6301,7108,7688,8513,9905,928,674,1701,2594,3441,4848,5834,6985,7597,8422,9790,9804,10379,11452,12575,6521,5670,4649,3910,3245,4686,5497,7856,9108,10716,12022,14362,15884,17086,18856,20768,15924,15251,14464,13831,12349,11312,10773,9566,8452,7526,6286,4525,3493,1563,1022,2014,21058,19695,18851,17861,16728,16240,14687,13891,13344,12436,11372,8785,8400,7573,7961,8185,
6717,5804,4835,4153,3375,2554,1986,1341,1215,840,965,1192,1819,2428,3370,4216,4834,5639,6698,8084,9217,7874,6406,5738,4949,4438,3815,3058,2317,1553,969,474,0,1983,2724,3649,4299,5157,6060,7147,8132,9048,10050,6989,5793,4869,3977,2636,1779,1547,2420,3068,3793,4833,5836,6666,7767,8957,9906,10960,11781,12887,3517,2776,1860,1701,2471,3386,4140,5248,6468,7592,6331,5119,3313,3153,3527,4346,5012,4710,4810,10605,9534,8488,7678,6935,6717,6072,5579,9115,7824,7215,6302,6087,6261,6592,7265,7816,8609,9956,1284,941,1717,2536,3108,4446,5450,6609,7225,8070,9441,9411,9970,11029,12141,6046,5196,4185,3473,3152,4840,5711,7381,8633,10242,11547,13888,15409,16611,18381,20294,15789,15107,14309,13667,12157,11096,10543,9297,8148,7219,5958,4151,3094,1384,1104,2486,20623,19263,18426,17447,16327,15847,14299,13523,12997,12106,11048,8498,8263,7494,7959,8228,
6612,5475,4623,4036,3453,2906,2740,2113,1475,1147,1204,1494,1970,2365,3137,3881,4477,4991,5741,7164,9906,8631,7372,6746,5950,5396,4707,3996,3319,2757,2368,2218,1983,0,741,1667,2318,3176,4079,5166,6151,7069,8067,8963,7775,6849,5921,4474,3400,2391,1708,1969,2386,3152,4043,4844,5955,7147,8097,9155,9917,10978,1953,1456,1613,3172,4168,5184,5971,7095,8333,9504,8255,7060,5297,5050,5024,5651,5962,5289,4962,12054,10936,9965,9300,8679,8544,8045,7535,10481,9119,8356,6826,6240,6109,5974,6024,6458,7130,8329,3145,1900,1105,1026,1359,2970,3827,4926,5520,6291,7645,7783,8420,9558,10740,5555,4620,3394,2384,1379,3731,4778,6926,8114,9660,10932,13209,14686,15894,17738,19634,17366,16663,15840,15173,13595,12469,11875,10506,9235,8315,7004,5076,3986,3199,3087,3875,19200,17824,16935,15897,14707,14196,12627,11779,11189,10255,9184,6571,6309,5614,6226,6602,
6766,5574,4800,4277,3797,3376,3320,2754,2129,1889,1904,2115,2445,2704,3322,3967,4521,4892,5484,6895,10213,8974,7799,7195,6411,5856,5167,4495,3866,3380,3048,2942,2724,741,0,926,1576,2434,3338,4425,5410,6327,7326,9704,8516,7587,6647,5177,4074,2974,1922,1914,2070,2602,3403,4179,5288,6476,7424,8481,9217,10259,1665,1473,2103,3858,4872,5899,6689,7814,9054,10215,8971,7783,6037,5781,5681,6256,6470,5705,5253,12607,11476,10534,9919,9337,9229,8779,8274,11012,9634,8828,7117,6414,6173,5857,5631,6003,6612,7736,3864,2563,1585,991,1015,2637,3356,4392,4965,5686,7022,7250,7922,9091,10300,5588,4652,3404,2348,918,3478,4561,6939,8080,9583,10829,13066,14518,15723,17591,19475,17999,17290,16461,15788,14192,13050,12446,11046,9746,8835,7523,5596,4531,3928,3828,4488,18726,17345,16435,15373,14153,13629,12054,11172,10551,9595,8520,5874,5575,4916,5596,6021,
7062,5827,5161,4724,4366,4076,4117,3609,3003,2815,2808,2971,3185,3318,3752,4259,4743,4928,5295,6662,10659,9468,8395,7821,7056,6505,5825,5201,4627,4214,3929,3855,3649,1667,926,0,650,1508,2412,3499,4483,5401,6400,10630,9442,8510,7558,6068,4943,3782,2493,2224,2021,2090,2680,3394,4488,5664,6605,7658,8353,9368,1734,1942,2869,4738,5764,6799,7592,8717,9958,11109,9872,8691,6962,6698,6525,7047,7161,6308,5731,13324,12182,11274,10714,10177,10096,9698,9198,11708,10317,9468,7569,6743,6378,5844,5250,5526,6032,7036,4771,3437,2382,1562,1245,2482,2928,3822,4349,4980,6279,6639,7356,8561,9800,5763,4852,3633,2615,1034,3372,4455,7063,8132,9564,10770,12942,14356,15555,17447,19313,18799,18085,17249,16569,14955,13796,13181,11749,10421,9525,8218,6306,5277,4843,4753,5302,18158,16773,15836,14744,13485,12943,11363,10436,9773,8789,7709,5022,4664,4067,4855,5352,
7343,6095,5505,5124,4840,4621,4710,4231,3635,3465,3449,3589,3749,3819,4144,4557,4986,5043,5244,6559,10997,9843,8840,8286,7536,6991,6320,5728,5188,4815,4555,4498,4299,2318,1576,650,0,858,1761,2848,3833,4751,5750,11280,10092,9157,8198,6697,5561,4373,2995,2613,2219,1913,2252,2886,3953,5110,6042,7089,7751,8742,2059,2440,3459,5368,6398,7437,8231,9356,10597,11737,10504,9329,7612,7344,7135,7626,7682,6783,6137,13835,12688,11803,11279,10770,10707,10343,9848,12208,10811,9937,7926,7027,6584,5910,5055,5252,5670,6569,5411,4062,2983,2113,1722,2586,2788,3525,3999,4542,5798,6267,7016,8241,9498,5979,5100,3929,2975,1494,3437,4482,7231,8242,9617,10787,12907,14290,15481,17387,19237,19374,18656,17816,17132,15508,14338,13718,12268,10925,10039,8739,6843,5838,5490,5403,5888,17787,16401,15445,14330,13044,12489,10907,9947,9250,8244,7162,4446,4025,3487,4369,4923,
7769,6517,6024,5713,5512,5370,5507,5059,4474,4323,4300,4423,4535,4545,4758,5063,5423,5329,5316,6537,11498,10391,9473,8944,8214,7678,7021,6465,5963,5630,5393,5351,5157,3176,2434,1508,858,0,903,1990,2975,3893,4892,12138,10950,10013,9047,7536,6390,5179,3736,3266,2717,2020,1907,2338,3321,4429,5339,6370,6975,7928,2665,3176,4260,6202,7237,8280,9075,10198,11440,12573,11345,10175,8469,8197,7944,8400,8390,7441,6721,14535,13383,12527,12044,11568,11524,11196,10704,12897,11496,10593,8462,7485,6955,6117,4935,5013,5292,6018,6260,4899,3804,2909,2469,2932,2816,3277,3651,4039,5207,5836,6623,7868,9141,6344,5516,4426,3567,2255,3713,4673,7520,8447,9737,10855,12895,14232,15410,17330,19155,20132,19410,18565,17877,16241,15060,14432,12962,11603,10731,9442,7570,6597,6342,6261,6685,17310,15924,14943,13800,12478,11907,10327,9321,8577,7542,6461,3716,3193,2781,3815,4453,
8291,7049,6648,6399,6270,6190,6364,5940,5364,5227,5199,5309,5386,5352,5476,5688,5982,5754,5535,6635,12068,11011,10175,9671,8962,8435,7792,7270,6800,6500,6282,6251,6060,4079,3338,2412,1761,903,0,1087,2071,2989,3989,13041,11854,10915,9943,8423,7271,6043,4560,4037,3400,2472,1929,2011,2790,3791,4654,5656,6183,7082,3423,4004,5123,7087,8125,9170,9965,11088,12330,13456,12232,11068,9372,9095,8807,9231,9163,8174,7395,15290,14134,13305,12863,12417,12391,12095,11606,13643,12241,11314,9081,8039,7432,6452,4968,4913,5023,5522,7156,5788,4683,3777,3314,3494,3112,3249,3480,3655,4676,5493,6311,7561,8839,6824,6055,5054,4290,3112,4178,5027,7914,8749,9942,10999,12944,14228,15386,17316,19110,20939,20213,19364,18672,17025,15834,15201,13713,12341,11485,10209,8363,7419,7241,7164,7539,16841,15457,14451,13279,11920,11332,9760,8704,7907,6841,5770,3021,2337,2160,3372,4096,
8993,7774,7469,7283,7221,7200,7407,7006,6438,6314,6282,6382,6431,6360,6406,6532,6760,6405,5979,6916,12810,11810,11063,10586,9899,9384,8758,8268,7829,7558,7357,7335,7147,5166,4425,3499,2848,1990,1087,0,984,1903,2902,14128,12941,12000,11023,9496,8338,7098,5587,5026,4334,3278,2452,2128,2465,3205,3956,4887,5282,6089,4405,5032,6175,8155,9196,10243,11039,12160,13402,14523,13304,12146,10459,10177,9852,10244,10118,9093,8258,16221,15064,14266,13864,13450,13442,13178,12691,14569,13167,12218,9888,8787,8110,6997,5226,5018,4913,5085,8237,6863,5752,4840,4360,4321,3731,3528,3572,3451,4201,5251,6085,7316,8582,7499,6801,5901,5230,4170,4908,5625,8485,9211,10282,11258,13078,14290,15420,17353,19104,21916,21187,20333,19637,17979,16779,16140,14635,13252,12414,11154,9340,8428,8324,8251,8582,16317,14942,13907,12703,11301,10693,9143,8028,7163,6063,5021,2371,1396,1779,3123,3917,
9702,8508,8275,8135,8119,8137,8365,7979,7417,7299,7264,7356,7384,7288,7279,7343,7521,7076,6501,7288,13512,12562,11887,11433,10766,10261,9648,9184,8769,8521,8331,8317,8132,6151,5410,4483,3833,2975,2071,984,0,920,1919,15112,13925,12983,12000,10468,9306,8058,6529,5947,5225,4114,3173,2635,2548,2917,3484,4296,4525,5214,5335,5986,7140,9130,10171,11219,12015,13136,14377,15489,14275,13121,11443,11159,10810,11179,11011,9962,9091,17074,15915,15143,14776,14388,14395,14159,13675,15417,14018,13052,10652,9511,8783,7579,5619,5292,5003,4852,9216,7837,6723,5807,5325,5162,4459,4038,3937,3571,4000,5237,6061,7245,8479,8199,7559,6736,6130,5137,5659,6269,9097,9729,10692,11591,13291,14433,15533,17461,19168,22817,22084,21228,20529,18864,17656,17013,15497,14107,13284,12038,10251,9362,9306,9236,9531,15907,14545,13486,12255,10819,10195,8679,7514,6586,5464,4479,2135,881,1947,3199,3993,
10444,9274,9092,8982,8996,9037,9277,8897,8337,8216,8175,8258,8265,8146,8090,8101,8236,7720,7025,7675,14153,13250,12643,12210,11562,11067,10468,10029,9636,9409,9233,9228,9048,7069,6327,5401,4751,3893,2989,1903,920,0,1019,16031,14842,13895,12905,11366,10200,8944,7402,6802,6060,4917,3917,3267,2881,2867,3191,3828,3858,4402,6234,6896,8055,10048,11089,12138,12934,14054,15296,16380,15171,14023,12358,12079,11720,12077,11882,10818,9923,17849,16691,15944,15611,15248,15271,15067,14595,16191,14795,13815,11357,10185,9416,8144,6053,5633,5191,4742,10124,8740,7623,6704,6240,6013,5250,4699,4502,3969,4093,5454,6247,7365,8553,8942,8346,7577,7012,6033,6381,6899,9770,10327,11195,12027,13615,14690,15759,17677,19340,23688,22953,22095,21394,19724,18512,17866,16342,14948,14137,12902,11133,10259,10226,10152,10406,15635,14290,13211,11959,10495,9859,8392,7187,6203,5078,4189,2367,1147,2425,3465,4212,
11115,9981,9869,9805,9867,9951,10217,9861,9312,9215,9184,9273,9285,9163,9094,9084,9197,8641,7875,8419,15059,14187,13620,13198,12559,12068,11474,11043,10654,10428,10248,10237,10050,8067,7326,6400,5750,4892,3989,2902,1919,1019,0,17026,15843,14903,13919,12383,11218,9963,8421,7819,7073,5923,4907,4218,3687,3390,3440,3814,3540,3781,7153,7837,9008,11013,12056,13106,13902,15019,16260,17398,16188,15039,13362,13061,12656,12981,12735,11649,10721,18833,17676,16942,16621,16266,16291,16078,15584,17175,15782,14795,12307,11118,10326,9013,6848,6365,5810,5101,11136,9755,8639,7721,7198,6856,6021,5332,5038,4353,4147,5584,6321,7344,8461,9619,9085,8396,7897,7050,7350,7816,10354,10815,11566,12312,13761,14755,15784,17684,19292,24532,23795,22933,22230,20552,19333,18683,17148,15749,14958,13743,12010,11166,11211,11154,11426,15121,13799,12704,11436,9953,9308,7907,6675,5648,4546,3804,2726,2079,3330,4200,4883,
10101,10025,9252,8766,8178,7641,7134,7279,7758,7816,7902,7916,8156,8550,9178,9804,10240,11247,12564,13708,10762,9648,8166,7749,7509,7493,7518,7322,7204,7023,6982,6864,6989,8963,9704,10630,11280,12138,13041,14128,15112,16031,17026,0,1267,2368,3548,5090,6214,7474,9027,9723,10526,11674,12728,13568,14645,15817,16753,17792,18682,19834,10120,9362,8173,6165,5162,4159,3448,2604,1952,3084,2708,2843,3721,4029,5084,5468,6603,7550,8537,8517,8044,7010,5742,4622,3864,1775,1488,7963,7574,7916,9398,10142,10875,11950,13469,14139,15056,16562,6043,7444,8554,9457,9905,10811,11869,13017,13628,14564,15919,15534,15894,16710,17584,10496,10100,9783,9660,10108,11177,11697,11349,12437,13883,15072,17303,18807,19893,21315,23159,10618,10099,9509,9068,8156,7670,7475,7254,7156,6691,6474,6598,6722,5837,5891,6431,25769,24494,23832,23046,22154,21771,20321,19754,19407,18646,17640,15285,15251,14435,14750,14884,
9509,9295,8461,7924,7279,6671,6118,6189,6629,6627,6686,6679,6899,7286,7911,8542,8984,9989,11303,12458,9834,8658,7121,6657,6355,6301,6288,6066,5937,5761,5736,5640,5793,7775,8516,9442,10092,10950,11854,12941,13925,14842,15843,1267,0,1108,2290,3822,4950,6215,7774,8469,9273,10428,11487,12327,13399,14567,15502,16537,17436,18597,9026,8261,7083,5113,4163,3243,2659,2188,2215,2940,2072,1733,2491,2987,4306,4872,6082,6902,7815,8133,7510,6412,5142,3980,3248,1034,833,7357,6780,6993,8263,8950,9658,10704,12202,12871,13788,15297,4799,6204,7320,8229,8771,9765,10825,11985,12601,13523,14887,14575,14977,15846,16771,9746,9267,8837,8625,8885,9910,10432,10702,11845,13348,14578,16858,18381,19498,20996,22865,11663,11109,10471,9983,8926,8299,8016,7555,7219,6615,6152,5920,5867,4712,4689,5166,25054,23757,23057,22229,21287,20881,19406,18792,18403,17609,16587,14175,14039,13201,13494,13620,
9278,8923,8035,7448,6746,6062,5461,5426,5803,5709,5720,5675,5850,6212,6815,7436,7875,8881,10196,11349,8963,7740,6164,5661,5307,5223,5187,4957,4840,4698,4715,4668,4869,6849,7587,8510,9157,10013,10915,12000,12983,13895,14903,2368,1108,0,1181,2732,3881,5158,6732,7423,8230,9396,10462,11302,12364,13524,14454,15485,16398,17577,8226,7459,6309,4430,3591,2858,2520,2540,3025,3079,1891,926,1574,2433,4019,4757,5994,6659,7475,7775,7026,5893,4661,3520,2882,1236,1513,6809,6065,6152,7225,7868,8561,9596,11102,11775,12697,14215,3790,5195,6318,7235,7921,9025,10080,11248,11868,12769,14141,13914,14360,15283,16260,9347,8782,8227,7906,7898,8824,9329,10401,11589,13137,14398,16713,18248,19390,20952,22840,12688,12115,11452,10939,9800,9089,8752,8129,7618,6916,6254,5674,5419,3926,3771,4063,24624,23308,22571,21701,20707,20279,18779,18114,17679,16849,15811,13335,13061,12187,12440,12547,
